0	3000	0
0.1	2999.95	-0.98
0.2	2999.8	-1.9598
0.3	2999.56	-2.93898
0.4	2999.22	-3.91714
0.5	2998.78	-4.89388
0.6	2998.24	-5.86878
0.7	2997.6	-6.84146
0.8	2996.87	-7.8115
0.9	2996.04	-8.77852
1	2995.11	-9.74213
1.1	2994.09	-10.7019
1.2	2992.97	-11.6576
1.3	2991.76	-12.6087
1.4	2990.45	-13.5549
1.5	2989.05	-14.4958
1.6	2987.55	-15.4311
1.7	2985.96	-16.3604
1.8	2984.28	-17.2835
1.9	2982.51	-18.1999
2	2980.64	-19.1095
2.1	2978.69	-20.0118
2.2	2976.64	-20.9066
2.3	2974.5	-21.7937
2.4	2972.28	-22.6726
2.5	2969.97	-23.5433
2.6	2967.57	-24.4054
2.7	2965.09	-25.2587
2.8	2962.52	-26.103
2.9	2959.87	-26.938
3	2957.13	-27.7637
3.1	2954.32	-28.5797
3.2	2951.42	-29.386
3.3	2948.44	-30.1823
3.4	2945.38	-30.9685
3.5	2942.25	-31.7445
3.6	2939.04	-32.5102
3.7	2935.75	-33.2653
3.8	2932.38	-34.01
3.9	2928.94	-34.7439
4	2925.43	-35.4671
4.1	2921.85	-36.1796
4.2	2918.2	-36.8811
4.3	2914.48	-37.5718
4.4	2910.69	-38.2515
4.5	2906.83	-38.9203
4.6	2902.9	-39.5781
4.7	2898.91	-40.2249
4.8	2894.86	-40.8607
4.9	2890.74	-41.4856
5	2886.56	-42.0995
5.1	2882.32	-42.7025
5.2	2878.02	-43.2946
5.3	2873.66	-43.8759
5.4	2869.25	-44.4464
5.5	2864.77	-45.0062
5.6	2860.25	-45.5553
5.7	2855.66	-46.0939
5.8	2851.03	-46.6219
5.9	2846.34	-47.1396
6	2841.6	-47.6469
6.1	2836.81	-48.144
6.2	2831.97	-48.631
6.3	2827.08	-49.1079
6.4	2822.15	-49.5749
6.5	2817.17	-50.0322
6.6	2812.14	-50.4797
6.7	2807.07	-50.9177
6.8	2801.96	-51.3462
6.9	2796.81	-51.7654
7	2791.61	-52.1754
7.1	2786.37	-52.5763
7.2	2781.09	-52.9683
7.3	2775.78	-53.3515
7.4	2770.42	-53.7261
7.5	2765.03	-54.0921
7.6	2759.61	-54.4497
7.7	2754.14	-54.7991
7.8	2748.65	-55.1403
7.9	2743.12	-55.4736
8	2737.55	-55.799
8.1	2731.96	-56.1167
8.2	2726.33	-56.4269
8.3	2720.67	-56.7296
8.4	2714.98	-57.025
8.5	2709.27	-57.3133
8.6	2703.52	-57.5946
8.7	2697.75	-57.869
8.8	2691.95	-58.1367
8.9	2686.12	-58.3977
9	2680.27	-58.6523
9.1	2674.39	-58.9006
9.2	2668.49	-59.1426
9.3	2662.56	-59.3786
9.4	2656.61	-59.6086
9.5	2650.64	-59.8328
9.6	2644.65	-60.0513
9.7	2638.63	-60.2642
9.8	2632.59	-60.4717
9.9	2626.54	-60.6738
10	2620.46	-60.8708
10.1	2614.36	-61.0626
10.2	2608.25	-61.2495
10.3	2602.11	-61.4315
10.4	2595.96	-61.6088
10.5	2589.79	-61.7814
10.6	2583.61	-61.9495
10.7	2577.4	-62.1132
10.8	2571.18	-62.2725
10.9	2564.95	-62.4276
11	2558.7	-62.5786
11.1	2552.43	-62.7256
11.2	2546.15	-62.8687
11.3	2539.86	-63.008
11.4	2533.55	-63.1435
11.5	2527.23	-63.2754
11.6	2520.9	-63.4038
11.7	2514.55	-63.5287
11.8	2508.19	-63.6502
11.9	2501.82	-63.7684
12	2495.44	-63.8834
12.1	2489.04	-63.9953
12.2	2482.64	-64.1042
12.3	2476.22	-64.2101
12.4	2469.8	-64.3131
12.5	2463.36	-64.4133
12.6	2456.91	-64.5107
12.7	2450.46	-64.6055
12.8	2443.99	-64.6977
12.9	2437.52	-64.7873
13	2431.04	-64.8745
13.1	2424.54	-64.9592
13.2	2418.04	-65.0416
13.3	2411.54	-65.1218
13.4	2405.02	-65.1997
13.5	2398.5	-65.2755
13.6	2391.97	-65.3491
13.7	2385.43	-65.4207
13.8	2378.88	-65.4903
13.9	2372.33	-65.558
14	2365.77	-65.6238
14.1	2359.2	-65.6878
14.2	2352.63	-65.75
14.3	2346.05	-65.8104
14.4	2339.47	-65.8691
14.5	2332.88	-65.9262
14.6	2326.29	-65.9817
14.7	2319.68	-66.0357
14.8	2313.08	-66.0881
14.9	2306.47	-66.139
15	2299.85	-66.1886
15.1	2293.23	-66.2367
15.2	2286.6	-66.2835
15.3	2279.97	-66.3289
15.4	2273.34	-66.3731
15.5	2266.7	-66.416
15.6	2260.05	-66.4577
15.7	2253.41	-66.4982
15.8	2246.75	-66.5376
15.9	2240.1	-66.5759
16	2233.44	-66.6131
16.1	2226.78	-66.6492
16.2	2220.11	-66.6843
16.3	2213.44	-66.7184
16.4	2206.77	-66.7516
16.5	2200.09	-66.7838
16.6	2193.41	-66.8151
16.7	2186.73	-66.8455
16.8	2180.04	-66.875
16.9	2173.35	-66.9037
17	2166.66	-66.9316
17.1	2159.96	-66.9587
17.2	2153.27	-66.985
17.3	2146.57	-67.0105
17.4	2139.87	-67.0354
17.5	2133.16	-67.0595
17.6	2126.45	-67.0829
17.7	2119.74	-67.1057
17.8	2113.03	-67.1278
17.9	2106.32	-67.1493
18	2099.6	-67.1702
18.1	2092.88	-67.1905
18.2	2086.16	-67.2102
18.3	2079.44	-67.2293
18.4	2072.72	-67.2479
18.5	2065.99	-67.266
18.6	2059.27	-67.2835
18.7	2052.54	-67.3005
18.8	2045.81	-67.3171
18.9	2039.07	-67.3332
19	2032.34	-67.3488
19.1	2025.6	-67.3639
19.2	2018.87	-67.3787
19.3	2012.13	-67.393
19.4	2005.39	-67.4069
19.5	1998.65	-67.4204
19.6	1991.9	-67.4335
19.7	1985.16	-67.4462
19.8	1978.41	-67.4586
19.9	1971.67	-67.4706
20	1964.92	-67.4823
20.1	1958.17	-67.4937
20.2	1951.42	-67.5047
20.3	1944.67	-67.5154
20.4	1937.92	-67.5258
20.5	1931.17	-67.5358
20.6	1924.41	-67.5456
20.7	1917.66	-67.5552
20.8	1910.9	-67.5644
20.9	1904.14	-67.5734
21	1897.39	-67.5821
21.1	1890.63	-67.5906
21.2	1883.87	-67.5988
21.3	1877.11	-67.6068
21.4	1870.35	-67.6146
21.5	1863.58	-67.6221
21.6	1856.82	-67.6294
21.7	1850.06	-67.6365
21.8	1843.29	-67.6434
21.9	1836.53	-67.6502
22	1829.76	-67.6567
22.1	1823	-67.663
22.2	1816.23	-67.6691
22.3	1809.46	-67.6751
22.4	1802.7	-67.6809
22.5	1795.93	-67.6865
22.6	1789.16	-67.692
22.7	1782.39	-67.6973
22.8	1775.62	-67.7025
22.9	1768.85	-67.7075
23	1762.08	-67.7123
23.1	1755.31	-67.7171
23.2	1748.54	-67.7216
23.3	1741.76	-67.7261
23.4	1734.99	-67.7304
23.5	1728.22	-67.7346
23.6	1721.44	-67.7387
23.7	1714.67	-67.7427
23.8	1707.89	-67.7465
23.9	1701.12	-67.7503
24	1694.34	-67.7539
24.1	1687.57	-67.7574
24.2	1680.79	-67.7608
24.3	1674.02	-67.7642
24.4	1667.24	-67.7674
24.5	1660.46	-67.7705
24.6	1653.69	-67.7736
24.7	1646.91	-67.7765
24.8	1640.13	-67.7794
24.9	1633.35	-67.7822
25	1626.57	-67.7849
25.1	1619.8	-67.7876
25.2	1613.02	-67.7901
25.3	1606.24	-67.7926
25.4	1599.46	-67.795
25.5	1592.68	-67.7973
25.6	1585.9	-67.7996
25.7	1579.12	-67.8018
25.8	1572.34	-67.804
25.9	1565.56	-67.8061
26	1558.78	-67.8081
26.1	1552	-67.81
26.2	1545.22	-67.8119
26.3	1538.43	-67.8138
26.4	1531.65	-67.8156
26.5	1524.87	-67.8173
26.6	1518.09	-67.819
26.7	1511.31	-67.8207
26.8	1504.53	-67.8223
26.9	1497.74	-67.8238
27	1490.96	-67.8254
27.1	1484.18	-67.8268
27.2	1477.39	-67.8282
27.3	1470.61	-67.8296
27.4	1463.83	-67.831
27.5	1457.05	-67.8323
27.6	1450.26	-67.8335
27.7	1443.48	-67.8348
27.8	1436.7	-67.836
27.9	1429.91	-67.8371
28	1423.13	-67.8382
28.1	1416.34	-67.8393
28.2	1409.56	-67.8404
28.3	1402.78	-67.8414
28.4	1395.99	-67.8424
28.5	1389.21	-67.8434
28.6	1382.42	-67.8443
28.7	1375.64	-67.8453
28.8	1368.85	-67.8462
28.9	1362.07	-67.847
29	1355.28	-67.8479
29.1	1348.5	-67.8487
29.2	1341.72	-67.8495
29.3	1334.93	-67.8502
29.4	1328.15	-67.851
29.5	1321.36	-67.8517
29.6	1314.57	-67.8524
29.7	1307.79	-67.8531
29.8	1301	-67.8538
29.9	1294.22	-67.8544
30	1287.43	-67.855
30.1	1280.65	-67.8556
30.2	1273.86	-67.8562
30.3	1267.08	-67.8568
30.4	1260.29	-67.8574
30.5	1253.51	-67.8579
30.6	1246.72	-67.8584
30.7	1239.93	-67.8589
30.8	1233.15	-67.8594
30.9	1226.36	-67.8599
31	1219.58	-67.8604
31.1	1212.79	-67.8608
31.2	1206	-67.8613
31.3	1199.22	-67.8617
31.4	1192.43	-67.8621
31.5	1185.64	-67.8625
31.6	1178.86	-67.8629
31.7	1172.07	-67.8633
31.8	1165.29	-67.8637
31.9	1158.5	-67.864
32	1151.71	-67.8644
32.1	1144.93	-67.8647
32.2	1138.14	-67.8651
32.3	1131.35	-67.8654
32.4	1124.57	-67.8657
32.5	1117.78	-67.866
32.6	1110.99	-67.8663
32.7	1104.21	-67.8666
32.8	1097.42	-67.8668
32.9	1090.63	-67.8671
33	1083.85	-67.8674
33.1	1077.06	-67.8676
33.2	1070.27	-67.8679
33.3	1063.49	-67.8681
33.4	1056.7	-67.8683
33.5	1049.91	-67.8686
33.6	1043.13	-67.8688
33.7	1036.34	-67.869
33.8	1029.55	-67.8692
33.9	1022.77	-67.8694
34	1015.98	-67.8696
34.1	1009.19	-67.8698
34.2	1002.4	-67.87
34.3	995.618	-67.8701
34.4	988.831	-67.8703
34.5	982.043	-67.8705
34.6	975.256	-67.8706
34.7	968.469	-67.8708
34.8	961.682	-67.871
34.9	954.895	-67.8711
35	948.108	-67.8713
35.1	941.321	-67.8714
35.2	934.534	-67.8715
35.3	927.747	-67.8717
35.4	920.959	-67.8718
35.5	914.172	-67.8719
35.6	907.385	-67.872
35.7	900.598	-67.8722
35.8	893.811	-67.8723
35.9	887.023	-67.8724
36	880.236	-67.8725
36.1	873.449	-67.8726
36.2	866.662	-67.8727
36.3	859.874	-67.8728
36.4	853.087	-67.8729
36.5	846.3	-67.873
36.6	839.512	-67.8731
36.7	832.725	-67.8732
36.8	825.938	-67.8732
36.9	819.151	-67.8733
37	812.363	-67.8734
37.1	805.576	-67.8735
37.2	798.788	-67.8736
37.3	792.001	-67.8736
37.4	785.214	-67.8737
37.5	778.426	-67.8738
37.6	771.639	-67.8739
37.7	764.852	-67.8739
37.8	758.064	-67.874
37.9	751.277	-67.874
38	744.489	-67.8741
38.1	737.702	-67.8742
38.2	730.915	-67.8742
38.3	724.127	-67.8743
38.4	717.34	-67.8743
38.5	710.552	-67.8744
38.6	703.765	-67.8744
38.7	696.977	-67.8745
38.8	690.19	-67.8745
38.9	683.402	-67.8746
39	676.615	-67.8746
39.1	669.828	-67.8747
39.2	663.04	-67.8747
39.3	656.253	-67.8747
39.4	649.465	-67.8748
39.5	642.678	-67.8748
39.6	635.89	-67.8749
39.7	629.103	-67.8749
39.8	622.315	-67.8749
39.9	615.528	-67.875
40	608.74	-67.875
40.1	601.953	-67.875
40.2	595.165	-67.8751
40.3	588.378	-67.8751
40.4	581.59	-67.8751
40.5	574.803	-67.8752
40.6	568.015	-67.8752
40.7	561.228	-67.8752
40.8	554.44	-67.8752
40.9	547.653	-67.8753
41	540.865	-67.8753
41.1	534.078	-67.8753
41.2	527.29	-67.8753
41.3	520.502	-67.8754
41.4	513.715	-67.8754
41.5	506.927	-67.8754
41.6	500.14	-67.8754
41.7	493.352	-67.8754
41.8	486.565	-67.8755
41.9	479.777	-67.8755
42	472.99	-67.8755
42.1	466.202	-67.8755
42.2	459.415	-67.8755
42.3	452.627	-67.8756
42.4	445.839	-67.8756
42.5	439.052	-67.8756
42.6	432.264	-67.8756
42.7	425.477	-67.8756
42.8	418.689	-67.8756
42.9	411.902	-67.8756
43	405.114	-67.8757
43.1	398.327	-67.8757
43.2	391.539	-67.8757
43.3	384.751	-67.8757
43.4	377.964	-67.8757
43.5	371.176	-67.8757
43.6	364.389	-67.8757
43.7	357.601	-67.8757
43.8	350.814	-67.8758
43.9	344.026	-67.8758
44	337.238	-67.8758
44.1	330.451	-67.8758
44.2	323.663	-67.8758
44.3	316.876	-67.8758
44.4	310.088	-67.8758
44.5	303.3	-67.8758
44.6	296.513	-67.8758
44.7	289.725	-67.8758
44.8	282.938	-67.8758
44.9	276.15	-67.8759
45	269.363	-67.8759
45.1	262.575	-67.8759
45.2	255.787	-67.8759
45.3	249	-67.8759
45.4	242.212	-67.8759
45.5	235.425	-67.8759
45.6	228.637	-67.8759
45.7	221.849	-67.8759
45.8	215.062	-67.8759
45.9	208.274	-67.8759
46	201.487	-67.8759
46.1	194.699	-67.8759
46.2	187.911	-67.8759
46.3	181.124	-67.8759
46.4	174.336	-67.876
46.5	167.549	-67.876
46.6	160.761	-67.876
46.7	153.973	-67.876
46.8	147.186	-67.876
46.9	140.398	-67.876
47	133.611	-67.876
47.1	126.823	-67.876
47.2	120.035	-67.876
47.3	113.248	-67.876
47.4	106.46	-67.876
47.5	99.6727	-67.876
47.6	92.8851	-67.876
47.7	86.0975	-67.876
47.8	79.3099	-67.876
47.9	72.5223	-67.876
48	65.7347	-67.876
48.1	58.9471	-67.876
48.2	52.1595	-67.876
48.3	45.3719	-67.876
48.4	38.5843	-67.876
48.5	31.7967	-67.876
48.6	25.0091	-67.876
48.7	18.2215	-67.876
48.8	11.4339	-67.876
48.9	4.64626	-67.876
