0	3000	0
0.1	2999.95	-0.98
0.2	2999.8	-1.96
0.3	2999.56	-2.94
0.4	2999.22	-3.92
0.5	2998.78	-4.9
0.6	2998.24	-5.88
0.7	2997.6	-6.86
0.8	2996.86	-7.84
0.9	2996.03	-8.82
1	2995.1	-9.8
1.1	2994.07	-10.78
1.2	2992.94	-11.76
1.3	2991.72	-12.74
1.4	2990.4	-13.72
1.5	2988.98	-14.7
1.6	2987.46	-15.68
1.7	2985.84	-16.66
1.8	2984.12	-17.64
1.9	2982.31	-18.62
2	2980.4	-19.6
2.1	2978.39	-20.58
2.2	2976.28	-21.56
2.3	2974.08	-22.54
2.4	2971.78	-23.52
2.5	2969.38	-24.5
2.6	2966.88	-25.48
2.7	2964.28	-26.46
2.8	2961.58	-27.44
2.9	2958.79	-28.42
3	2955.9	-29.4
3.1	2952.91	-30.38
3.2	2949.82	-31.36
3.3	2946.64	-32.34
3.4	2943.36	-33.32
3.5	2939.98	-34.3
3.6	2936.5	-35.28
3.7	2932.92	-36.26
3.8	2929.24	-37.24
3.9	2925.47	-38.22
4	2921.6	-39.2
4.1	2917.63	-40.18
4.2	2913.56	-41.16
4.3	2909.4	-42.14
4.4	2905.14	-43.12
4.5	2900.78	-44.1
4.6	2896.32	-45.08
4.7	2891.76	-46.06
4.8	2887.1	-47.04
4.9	2882.35	-48.02
5	2877.5	-49
5.1	2872.55	-49.98
5.2	2867.5	-50.96
5.3	2862.36	-51.94
5.4	2857.12	-52.92
5.5	2851.78	-53.9
5.6	2846.34	-54.88
5.7	2840.8	-55.86
5.8	2835.16	-56.84
5.9	2829.43	-57.82
6	2823.6	-58.8
6.1	2817.67	-59.78
6.2	2811.64	-60.76
6.3	2805.52	-61.74
6.4	2799.3	-62.72
6.5	2792.97	-63.7
6.6	2786.56	-64.68
6.7	2780.04	-65.66
6.8	2773.42	-66.64
6.9	2766.71	-67.62
7	2759.9	-68.6
7.1	2752.99	-69.58
7.2	2745.98	-70.56
7.3	2738.88	-71.54
7.4	2731.68	-72.52
7.5	2724.38	-73.5
7.6	2716.98	-74.48
7.7	2709.48	-75.46
7.8	2701.88	-76.44
7.9	2694.19	-77.42
8	2686.4	-78.4
8.1	2678.51	-79.38
8.2	2670.52	-80.36
8.3	2662.44	-81.34
8.4	2654.26	-82.32
8.5	2645.97	-83.3
8.6	2637.6	-84.28
8.7	2629.12	-85.26
8.8	2620.54	-86.24
8.9	2611.87	-87.22
9	2603.1	-88.2
9.1	2594.23	-89.18
9.2	2585.26	-90.16
9.3	2576.2	-91.14
9.4	2567.04	-92.12
9.5	2557.78	-93.1
9.6	2548.42	-94.08
9.7	2538.96	-95.06
9.8	2529.4	-96.04
9.9	2519.75	-97.02
10	2510	-98
10.1	2500.15	-98.98
10.2	2490.2	-99.96
10.3	2480.16	-100.94
10.4	2470.02	-101.92
10.5	2459.78	-102.9
10.6	2449.44	-103.88
10.7	2439	-104.86
10.8	2428.46	-105.84
10.9	2417.83	-106.82
11	2407.1	-107.8
11.1	2396.27	-108.78
11.2	2385.34	-109.76
11.3	2374.32	-110.74
11.4	2363.2	-111.72
11.5	2351.97	-112.7
11.6	2340.66	-113.68
11.7	2329.24	-114.66
11.8	2317.72	-115.64
11.9	2306.11	-116.62
12	2294.4	-117.6
12.1	2282.59	-118.58
12.2	2270.68	-119.56
12.3	2258.68	-120.54
12.4	2246.58	-121.52
12.5	2234.38	-122.5
12.6	2222.08	-123.48
12.7	2209.68	-124.46
12.8	2197.18	-125.44
12.9	2184.59	-126.42
13	2171.9	-127.4
13.1	2159.11	-128.38
13.2	2146.22	-129.36
13.3	2133.24	-130.34
13.4	2120.16	-131.32
13.5	2106.97	-132.3
13.6	2093.7	-133.28
13.7	2080.32	-134.26
13.8	2066.84	-135.24
13.9	2053.27	-136.22
14	2039.6	-137.2
14.1	2025.83	-138.18
14.2	2011.96	-139.16
14.3	1998	-140.14
14.4	1983.94	-141.12
14.5	1969.78	-142.1
14.6	1955.52	-143.08
14.7	1941.16	-144.06
14.8	1926.7	-145.04
14.9	1912.15	-146.02
15	1897.5	-147
15.1	1882.75	-147.98
15.2	1867.9	-148.96
15.3	1852.96	-149.94
15.4	1837.92	-150.92
15.5	1822.78	-151.9
15.6	1807.54	-152.88
15.7	1792.2	-153.86
15.8	1776.76	-154.84
15.9	1761.23	-155.82
16	1745.6	-156.8
16.1	1729.87	-157.78
16.2	1714.04	-158.76
16.3	1698.12	-159.74
16.4	1682.1	-160.72
16.5	1665.98	-161.7
16.6	1649.76	-162.68
16.7	1633.44	-163.66
16.8	1617.02	-164.64
16.9	1600.51	-165.62
17	1583.9	-166.6
17.1	1567.19	-167.58
17.2	1550.38	-168.56
17.3	1533.48	-169.54
17.4	1516.48	-170.52
17.5	1499.38	-171.5
17.6	1482.18	-172.48
17.7	1464.88	-173.46
17.8	1447.48	-174.44
17.9	1429.99	-175.42
18	1412.4	-176.4
18.1	1394.71	-177.38
18.2	1376.92	-178.36
18.3	1359.04	-179.34
18.4	1341.06	-180.32
18.5	1322.98	-181.3
18.6	1304.8	-182.28
18.7	1286.52	-183.26
18.8	1268.14	-184.24
18.9	1249.67	-185.22
19	1231.1	-186.2
19.1	1212.43	-187.18
19.2	1193.66	-188.16
19.3	1174.8	-189.14
19.4	1155.84	-190.12
19.5	1136.78	-191.1
19.6	1117.62	-192.08
19.7	1098.36	-193.06
19.8	1079	-194.04
19.9	1059.55	-195.02
20	1040	-196
20.1	1020.35	-196.98
20.2	1000.6	-197.96
20.3	980.759	-198.94
20.4	960.816	-199.92
20.5	940.775	-200.9
20.6	920.636	-201.88
20.7	900.399	-202.86
20.8	880.064	-203.84
20.9	859.631	-204.82
21	839.1	-205.8
21.1	818.471	-206.78
21.2	797.744	-207.76
21.3	776.919	-208.74
21.4	755.996	-209.72
21.5	734.975	-210.7
21.6	713.856	-211.68
21.7	692.639	-212.66
21.8	671.324	-213.64
21.9	649.911	-214.62
22	628.4	-215.6
22.1	606.791	-216.58
22.2	585.084	-217.56
22.3	563.279	-218.54
22.4	541.376	-219.52
22.5	519.375	-220.5
22.6	497.276	-221.48
22.7	475.079	-222.46
22.8	452.784	-223.44
22.9	430.391	-224.42
23	407.9	-225.4
23.1	385.311	-226.38
23.2	362.624	-227.36
23.3	339.839	-228.34
23.4	316.956	-229.32
23.5	293.975	-230.3
23.6	270.896	-231.28
23.7	247.719	-232.26
23.8	224.444	-233.24
23.9	201.071	-234.22
24	177.6	-235.2
24.1	154.031	-236.18
24.2	130.364	-237.16
24.3	106.599	-238.14
24.4	82.736	-239.12
24.5	58.775	-240.1
24.6	34.716	-241.08
24.7	10.559	-242.06
