0	-20
0.006	-19.8264
0.012	-19.6534
0.018	-19.4812
0.024	-19.3097
0.03	-19.139
0.036	-18.9689
0.042	-18.7996
0.048	-18.6309
0.054	-18.463
0.06	-18.2958
0.066	-18.1293
0.072	-17.9635
0.078	-17.7984
0.084	-17.634
0.09	-17.4703
0.096	-17.3073
0.102	-17.145
0.108	-16.9834
0.114	-16.8225
0.12	-16.6623
0.126	-16.5028
0.132	-16.3439
0.138	-16.1858
0.144	-16.0284
0.15	-15.8716
0.156	-15.7156
0.162	-15.5602
0.168	-15.4055
0.174	-15.2515
0.18	-15.0982
0.186	-14.9455
0.192	-14.7936
0.198	-14.6423
0.204	-14.4917
0.21	-14.3417
0.216	-14.1925
0.222	-14.0439
0.228	-13.896
0.234	-13.7487
0.24	-13.6022
0.246	-13.4563
0.252	-13.311
0.258	-13.1665
0.264	-13.0226
0.27	-12.8793
0.276	-12.7367
0.282	-12.5948
0.288	-12.4536
0.294	-12.3129
0.3	-12.173
0.306	-12.0337
0.312	-11.8951
0.318	-11.7571
0.324	-11.6197
0.33	-11.4831
0.336	-11.347
0.342	-11.2116
0.348	-11.0769
0.354	-10.9428
0.36	-10.8093
0.366	-10.6765
0.372	-10.5444
0.378	-10.4128
0.384	-10.2819
0.39	-10.1517
0.396	-10.0221
0.402	-9.89308
0.408	-9.76472
0.414	-9.637
0.42	-9.50991
0.426	-9.38345
0.432	-9.25762
0.438	-9.13241
0.444	-9.00783
0.45	-8.88387
0.456	-8.76054
0.462	-8.63783
0.468	-8.51574
0.474	-8.39426
0.48	-8.27341
0.486	-8.15317
0.492	-8.03354
0.498	-7.91453
0.504	-7.79614
0.51	-7.67835
0.516	-7.56117
0.522	-7.4446
0.528	-7.32864
0.534	-7.21329
0.54	-7.09854
0.546	-6.98439
0.552	-6.87084
0.558	-6.7579
0.564	-6.64555
0.57	-6.53381
0.576	-6.42266
0.582	-6.3121
0.588	-6.20214
0.594	-6.09278
0.6	-5.984
0.606	-5.87581
0.612	-5.76822
0.618	-5.66121
0.624	-5.55479
0.63	-5.44895
0.636	-5.3437
0.642	-5.23903
0.648	-5.13494
0.654	-5.03143
0.66	-4.9285
0.666	-4.82615
0.672	-4.72438
0.678	-4.62317
0.684	-4.52255
0.69	-4.42249
0.696	-4.32301
0.702	-4.22409
0.708	-4.12575
0.714	-4.02797
0.72	-3.93075
0.726	-3.8341
0.732	-3.73802
0.738	-3.64249
0.744	-3.54753
0.75	-3.45312
0.756	-3.35928
0.762	-3.26599
0.768	-3.17326
0.774	-3.08108
0.78	-2.98945
0.786	-2.89837
0.792	-2.80785
0.798	-2.71787
0.804	-2.62844
0.81	-2.53956
0.816	-2.45122
0.822	-2.36343
0.828	-2.27618
0.834	-2.18947
0.84	-2.1033
0.846	-2.01766
0.852	-1.93257
0.858	-1.84801
0.864	-1.76399
0.87	-1.6805
0.876	-1.59754
0.882	-1.51511
0.888	-1.43321
0.894	-1.35184
0.9	-1.271
0.906	-1.19068
0.912	-1.11089
0.918	-1.03162
0.924	-0.952871
0.93	-0.874643
0.936	-0.796934
0.942	-0.719743
0.948	-0.643069
0.954	-0.566909
0.96	-0.491264
0.966	-0.416131
0.972	-0.34151
0.978	-0.267399
0.984	-0.193796
0.99	-0.120701
0.996	-0.0481121
1.002	0.023972
1.008	0.0955525
1.014	0.166631
1.02	0.237208
1.026	0.307286
1.032	0.376865
1.038	0.445947
1.044	0.514533
1.05	0.582625
1.056	0.650224
1.062	0.71733
1.068	0.783946
1.074	0.850073
1.08	0.915712
1.086	0.980864
1.092	1.04553
1.098	1.10971
1.104	1.17341
1.11	1.23663
1.116	1.29937
1.122	1.36163
1.128	1.42341
1.134	1.48471
1.14	1.54554
1.146	1.6059
1.152	1.66578
1.158	1.7252
1.164	1.78414
1.17	1.84261
1.176	1.90062
1.182	1.95816
1.188	2.01524
1.194	2.07185
1.2	2.128
1.206	2.18369
1.212	2.23892
1.218	2.29369
1.224	2.34801
1.23	2.40187
1.236	2.45527
1.242	2.50822
1.248	2.56072
1.254	2.61278
1.26	2.66438
1.266	2.71553
1.272	2.76624
1.278	2.8165
1.284	2.86631
1.29	2.91569
1.296	2.96462
1.302	3.01312
1.308	3.06117
1.314	3.10879
1.32	3.15597
1.326	3.20271
1.332	3.24903
1.338	3.29491
1.344	3.34036
1.35	3.38538
1.356	3.42997
1.362	3.47413
1.368	3.51787
1.374	3.56118
1.38	3.60407
1.386	3.64654
1.392	3.68859
1.398	3.73022
1.404	3.77143
1.41	3.81222
1.416	3.8526
1.422	3.89256
1.428	3.93211
1.434	3.97125
1.44	4.00998
1.446	4.0483
1.452	4.08622
1.458	4.12372
1.464	4.16083
1.47	4.19752
1.476	4.23382
1.482	4.26971
1.488	4.30521
1.494	4.3403
1.5	4.375
1.506	4.4093
1.512	4.44321
1.518	4.47672
1.524	4.50985
1.53	4.54258
1.536	4.57492
1.542	4.60687
1.548	4.63844
1.554	4.66962
1.56	4.70042
1.566	4.73083
1.572	4.76086
1.578	4.79051
1.584	4.81978
1.59	4.84868
1.596	4.8772
1.602	4.90534
1.608	4.93311
1.614	4.9605
1.62	4.98753
1.626	5.01418
1.632	5.04047
1.638	5.06639
1.644	5.09194
1.65	5.11712
1.656	5.14195
1.662	5.16641
1.668	5.19051
1.674	5.21425
1.68	5.23763
1.686	5.26066
1.692	5.28333
1.698	5.30564
1.704	5.3276
1.71	5.34921
1.716	5.37047
1.722	5.39138
1.728	5.41194
1.734	5.43215
1.74	5.45202
1.746	5.47155
1.752	5.49073
1.758	5.50957
1.764	5.52807
1.77	5.54623
1.776	5.56406
1.782	5.58154
1.788	5.5987
1.794	5.61551
1.8	5.632
1.806	5.64815
1.812	5.66398
1.818	5.67948
1.824	5.69464
1.83	5.70949
1.836	5.72401
1.842	5.7382
1.848	5.75207
1.854	5.76562
1.86	5.77886
1.866	5.79177
1.872	5.80437
1.878	5.81665
1.884	5.82862
1.89	5.84027
1.896	5.85161
1.902	5.86264
1.908	5.87337
1.914	5.88378
1.92	5.89389
1.926	5.90369
1.932	5.91319
1.938	5.92239
1.944	5.93128
1.95	5.93987
1.956	5.94817
1.962	5.95617
1.968	5.96387
1.974	5.97128
1.98	5.97839
1.986	5.98521
1.992	5.99174
1.998	5.99798
2.004	6.00394
2.01	6.0096
2.016	6.01498
2.022	6.02007
2.028	6.02489
2.034	6.02942
2.04	6.03366
2.046	6.03763
2.052	6.04132
2.058	6.04474
2.064	6.04788
2.07	6.05074
2.076	6.05333
2.082	6.05566
2.088	6.05771
2.094	6.05949
2.1	6.061
2.106	6.06225
2.112	6.06323
2.118	6.06395
2.124	6.0644
2.13	6.0646
2.136	6.06453
2.142	6.06421
2.148	6.06363
2.154	6.06279
2.16	6.0617
2.166	6.06035
2.172	6.05875
2.178	6.0569
2.184	6.05481
2.19	6.05246
2.196	6.04987
2.202	6.04703
2.208	6.04394
2.214	6.04062
2.22	6.03705
2.226	6.03324
2.232	6.02919
2.238	6.02491
2.244	6.02038
2.25	6.01562
2.256	6.01063
2.262	6.00541
2.268	5.99995
2.274	5.99427
2.28	5.98835
2.286	5.98221
2.292	5.97584
2.298	5.96925
2.304	5.96243
2.31	5.95539
2.316	5.94813
2.322	5.94065
2.328	5.93295
2.334	5.92504
2.34	5.9169
2.346	5.90856
2.352	5.9
2.358	5.89123
2.364	5.88224
2.37	5.87305
2.376	5.86365
2.382	5.85405
2.388	5.84424
2.394	5.83422
2.4	5.824
2.406	5.81358
2.412	5.80296
2.418	5.79214
2.424	5.78112
2.43	5.76991
2.436	5.7585
2.442	5.74689
2.448	5.7351
2.454	5.72311
2.46	5.71094
2.466	5.69857
2.472	5.68602
2.478	5.67328
2.484	5.66036
2.49	5.64725
2.496	5.63396
2.502	5.62049
2.508	5.60684
2.514	5.59301
2.52	5.57901
2.526	5.56483
2.532	5.55047
2.538	5.53594
2.544	5.52125
2.55	5.50637
2.556	5.49134
2.562	5.47613
2.568	5.46075
2.574	5.44522
2.58	5.42951
2.586	5.41365
2.592	5.39762
2.598	5.38143
2.604	5.36508
2.61	5.34858
2.616	5.33192
2.622	5.31511
2.628	5.29814
2.634	5.28102
2.64	5.26374
2.646	5.24632
2.652	5.22875
2.658	5.21103
2.664	5.19317
2.67	5.17516
2.676	5.15701
2.682	5.13872
2.688	5.12028
2.694	5.10171
2.7	5.083
2.706	5.06415
2.712	5.04517
2.718	5.02605
2.724	5.0068
2.73	4.98742
2.736	4.9679
2.742	4.94826
2.748	4.92849
2.754	4.9086
2.76	4.88858
2.766	4.86843
2.772	4.84816
2.778	4.82777
2.784	4.80727
2.79	4.78664
2.796	4.76589
2.802	4.74503
2.808	4.72406
2.814	4.70297
2.82	4.68177
2.826	4.66046
2.832	4.63903
2.838	4.6175
2.844	4.59587
2.85	4.57412
2.856	4.55228
2.862	4.53033
2.868	4.50828
2.874	4.48612
2.88	4.46387
2.886	4.44152
2.892	4.41908
2.898	4.39653
2.904	4.3739
2.91	4.35117
2.916	4.32835
2.922	4.30544
2.928	4.28244
2.934	4.25936
2.94	4.23618
2.946	4.21293
2.952	4.18959
2.958	4.16616
2.964	4.14266
2.97	4.11907
2.976	4.09541
2.982	4.07167
2.988	4.04785
2.994	4.02396
3	4
3.006	3.97596
3.012	3.95186
3.018	3.92768
3.024	3.90344
3.03	3.87913
3.036	3.85475
3.042	3.83031
3.048	3.80581
3.054	3.78124
3.06	3.75662
3.066	3.73193
3.072	3.70719
3.078	3.68239
3.084	3.65754
3.09	3.63263
3.096	3.60767
3.102	3.58266
3.108	3.5576
3.114	3.53249
3.12	3.50733
3.126	3.48212
3.132	3.45688
3.138	3.43158
3.144	3.40625
3.15	3.38088
3.156	3.35546
3.162	3.33001
3.168	3.30452
3.174	3.27899
3.18	3.25343
3.186	3.22784
3.192	3.20221
3.198	3.17656
3.204	3.15087
3.21	3.12516
3.216	3.09942
3.222	3.07366
3.228	3.04787
3.234	3.02206
3.24	2.99622
3.246	2.97037
3.252	2.9445
3.258	2.91861
3.264	2.8927
3.27	2.86678
3.276	2.84085
3.282	2.8149
3.288	2.78894
3.294	2.76298
3.3	2.737
3.306	2.71102
3.312	2.68503
3.318	2.65903
3.324	2.63304
3.33	2.60704
3.336	2.58104
3.342	2.55504
3.348	2.52904
3.354	2.50305
3.36	2.47706
3.366	2.45107
3.372	2.42509
3.378	2.39913
3.384	2.37317
3.39	2.34722
3.396	2.32128
3.402	2.29536
3.408	2.26945
3.414	2.24356
3.42	2.21769
3.426	2.19183
3.432	2.166
3.438	2.14018
3.444	2.11439
3.45	2.08863
3.456	2.06288
3.462	2.03717
3.468	2.01148
3.474	1.98582
3.48	1.96019
3.486	1.9346
3.492	1.90903
3.498	1.8835
3.504	1.85801
3.51	1.83255
3.516	1.80713
3.522	1.78175
3.528	1.75641
3.534	1.73112
3.54	1.70586
3.546	1.68066
3.552	1.65549
3.558	1.63038
3.564	1.60531
3.57	1.58029
3.576	1.55533
3.582	1.53041
3.588	1.50555
3.594	1.48075
3.6	1.456
3.606	1.43131
3.612	1.40668
3.618	1.38211
3.624	1.35759
3.63	1.33315
3.636	1.30876
3.642	1.28445
3.648	1.26019
3.654	1.23601
3.66	1.2119
3.666	1.18785
3.672	1.16388
3.678	1.13998
3.684	1.11616
3.69	1.09241
3.696	1.06874
3.702	1.04514
3.708	1.02163
3.714	0.998198
3.72	0.974848
3.726	0.951581
3.732	0.928399
3.738	0.905303
3.744	0.882295
3.75	0.859375
3.756	0.836545
3.762	0.813807
3.768	0.791161
3.774	0.768609
3.78	0.746152
3.786	0.723792
3.792	0.701529
3.798	0.679366
3.804	0.657302
3.81	0.635341
3.816	0.613482
3.822	0.591728
3.828	0.57008
3.834	0.548538
3.84	0.527104
3.846	0.50578
3.852	0.484566
3.858	0.463465
3.864	0.442477
3.87	0.421603
3.876	0.400845
3.882	0.380205
3.888	0.359683
3.894	0.339281
3.9	0.319
3.906	0.298841
3.912	0.278807
3.918	0.258897
3.924	0.239113
3.93	0.219457
3.936	0.19993
3.942	0.180533
3.948	0.161267
3.954	0.142135
3.96	0.123136
3.966	0.104273
3.972	0.085546
3.978	0.0669574
3.984	0.0485079
3.99	0.030199
3.996	0.0120319
4.002	-0.00599199
4.008	-0.0238715
4.014	-0.0416053
4.02	-0.059192
4.026	-0.0766304
4.032	-0.0939192
4.038	-0.111057
4.044	-0.128043
4.05	-0.144875
4.056	-0.161552
4.062	-0.178074
4.068	-0.194438
4.074	-0.210643
4.08	-0.226688
4.086	-0.242572
4.092	-0.258293
4.098	-0.273851
4.104	-0.289243
4.11	-0.304469
4.116	-0.319527
4.122	-0.334416
4.128	-0.349135
4.134	-0.363682
4.14	-0.378056
4.146	-0.392256
4.152	-0.40628
4.158	-0.420128
4.164	-0.433797
4.17	-0.447287
4.176	-0.460596
4.182	-0.473723
4.188	-0.486667
4.194	-0.499427
4.2	-0.512
4.206	-0.524386
4.212	-0.536584
4.218	-0.548592
4.224	-0.560409
4.23	-0.572033
4.236	-0.583464
4.242	-0.5947
4.248	-0.605739
4.254	-0.616581
4.26	-0.627224
4.266	-0.637667
4.272	-0.647908
4.278	-0.657947
4.284	-0.667782
4.29	-0.677411
4.296	-0.686834
4.302	-0.696048
4.308	-0.705054
4.314	-0.713849
4.32	-0.722432
4.326	-0.730802
4.332	-0.738958
4.338	-0.746898
4.344	-0.75462
4.35	-0.762125
4.356	-0.76941
4.362	-0.776474
4.368	-0.783316
4.374	-0.789934
4.38	-0.796328
4.386	-0.802496
4.392	-0.808436
4.398	-0.814147
4.404	-0.819629
4.41	-0.824879
4.416	-0.829897
4.422	-0.834681
4.428	-0.839229
4.434	-0.843541
4.44	-0.847616
4.446	-0.851451
4.452	-0.855047
4.458	-0.8584
4.464	-0.861511
4.47	-0.864377
4.476	-0.866998
4.482	-0.869372
4.488	-0.871498
4.494	-0.873374
4.5	-0.875
4.506	-0.876374
4.512	-0.877494
4.518	-0.87836
4.524	-0.87897
4.53	-0.879323
4.536	-0.879417
4.542	-0.879252
4.548	-0.878825
4.554	-0.878137
4.56	-0.877184
4.566	-0.875967
4.572	-0.874483
4.578	-0.872731
4.584	-0.870711
4.59	-0.868421
4.596	-0.865859
4.602	-0.863025
4.608	-0.859916
4.614	-0.856532
4.62	-0.852872
4.626	-0.848934
4.632	-0.844716
4.638	-0.840218
4.644	-0.835438
4.65	-0.830375
4.656	-0.825028
4.662	-0.819394
4.668	-0.813474
4.674	-0.807266
4.68	-0.800768
4.686	-0.793979
4.692	-0.786898
4.698	-0.779524
4.704	-0.771854
4.71	-0.763889
4.716	-0.755626
4.722	-0.747065
4.728	-0.738204
4.734	-0.729041
4.74	-0.719576
4.746	-0.709807
4.752	-0.699733
4.758	-0.689352
4.764	-0.678664
4.77	-0.667667
4.776	-0.656359
4.782	-0.64474
4.788	-0.632808
4.794	-0.620562
4.8	-0.608
4.806	-0.595121
4.812	-0.581925
4.818	-0.568409
4.824	-0.554572
4.83	-0.540413
4.836	-0.525931
4.842	-0.511124
4.848	-0.495992
4.854	-0.480532
4.86	-0.464744
4.866	-0.448626
4.872	-0.432177
4.878	-0.415396
4.884	-0.398281
4.89	-0.380831
4.896	-0.363045
4.902	-0.344921
4.908	-0.326459
4.914	-0.307656
4.92	-0.288512
4.926	-0.269025
4.932	-0.249194
4.938	-0.229018
4.944	-0.208496
4.95	-0.187625
4.956	-0.166405
4.962	-0.144835
4.968	-0.122913
4.974	-0.100638
4.98	-0.078008
4.986	-0.0550227
4.992	-0.0316805
4.998	-0.00798001
5.004	0.0160801
5.01	0.040501
5.016	0.0652841
5.022	0.0904306
5.028	0.115942
5.034	0.141819
5.04	0.168064
5.046	0.194677
5.052	0.221661
5.058	0.249015
5.064	0.276742
5.07	0.304843
5.076	0.333319
5.082	0.362171
5.088	0.391401
5.094	0.421011
5.1	0.451
5.106	0.481371
5.112	0.512125
5.118	0.543263
5.124	0.574787
5.13	0.606697
5.136	0.638995
5.142	0.671683
5.148	0.704762
5.154	0.738232
5.16	0.772096
5.166	0.806354
5.172	0.841008
5.178	0.87606
5.184	0.91151
5.19	0.947359
5.196	0.98361
5.202	1.02026
5.208	1.05732
5.214	1.09478
5.22	1.13265
5.226	1.17092
5.232	1.20961
5.238	1.2487
5.244	1.28821
5.25	1.32812
5.256	1.36846
5.262	1.4092
5.268	1.45037
5.274	1.49195
5.28	1.53395
5.286	1.57637
5.292	1.61922
5.298	1.66248
5.304	1.70617
5.31	1.75029
5.316	1.79483
5.322	1.83981
5.328	1.88521
5.334	1.93104
5.34	1.9773
5.346	2.024
5.352	2.07113
5.358	2.1187
5.364	2.16671
5.37	2.21515
5.376	2.26404
5.382	2.31336
5.388	2.36313
5.394	2.41334
5.4	2.464
5.406	2.5151
5.412	2.56665
5.418	2.61865
5.424	2.67111
5.43	2.72401
5.436	2.77736
5.442	2.83117
5.448	2.88544
5.454	2.94016
5.46	2.99534
5.466	3.05097
5.472	3.10707
5.478	3.16364
5.484	3.22066
5.49	3.27815
5.496	3.3361
5.502	3.39453
5.508	3.45342
5.514	3.51278
5.52	3.57261
5.526	3.63291
5.532	3.69369
5.538	3.75494
5.544	3.81667
5.55	3.87887
5.556	3.94156
5.562	4.00472
5.568	4.06837
5.574	4.1325
5.58	4.19711
5.586	4.26221
5.592	4.32779
5.598	4.39387
5.604	4.46043
5.61	4.52748
5.616	4.59502
5.622	4.66306
5.628	4.73159
5.634	4.80062
5.64	4.87014
5.646	4.94017
5.652	5.01069
5.658	5.08171
5.664	5.15323
5.67	5.22526
5.676	5.2978
5.682	5.37083
5.688	5.44438
5.694	5.51844
5.7	5.593
5.706	5.66808
5.712	5.74366
5.718	5.81977
5.724	5.89638
5.73	5.97352
5.736	6.05117
5.742	6.12934
5.748	6.20803
5.754	6.28724
5.76	6.36698
5.766	6.44724
5.772	6.52802
5.778	6.60933
5.784	6.69117
5.79	6.77354
5.796	6.85644
5.802	6.93987
5.808	7.02383
5.814	7.10833
5.82	7.19337
5.826	7.27894
5.832	7.36505
5.838	7.4517
5.844	7.53889
5.85	7.62662
5.856	7.7149
5.862	7.80372
5.868	7.89309
5.874	7.98301
5.88	8.07347
5.886	8.16449
5.892	8.25605
5.898	8.34817
5.904	8.44084
5.91	8.53407
5.916	8.62786
5.922	8.7222
5.928	8.8171
5.934	8.91256
5.94	9.00858
5.946	9.10517
5.952	9.20232
5.958	9.30004
5.964	9.39832
5.97	9.49717
5.976	9.59659
5.982	9.69659
5.988	9.79715
5.994	9.89829
